./plutorec output.iq
# frequency 10000000
# sampling 240000
# gain 69
# ms 1000
# ctx created 0x55c6db4da670
# ret freq -22
# ret samp -22
# ret agc 7
# ret gain 0
8192 28662784 74.57318371
16384 27718711 74.4277303
24576 28248881 74.51001249
32768 28345101 74.52478009
40960 28595265 74.56294126
49152 27454205 74.38608872
57344 28317702 74.52058007
65536 27777657 74.43695611
73728 28602395 74.564024
81920 28741163 74.58504338
90112 28232992 74.50756905
98304 27290620 74.36013402
106496 28901907 74.60926499
114688 27975735 74.46781505
122880 28055082 74.48011542
131072 495131666 86.94720702
139264 28559072 74.55744091
147456 27884537 74.45363438
155648 28300657 74.51796518
163840 28293397 74.51685093
172032 28124626 74.49086756
180224 28352820 74.52596261
188416 27765213 74.43501009
196608 28301239 74.51805449
204800 28584544 74.56131268
212992 27394388 74.37661603
221184 28227855 74.50677878
229376 27841387 74.44690867
237568 28638193 74.56945612
245760 27820005 74.44357204
253952 27996169 74.47098606
262144 27412614 74.37950451
270336 28486748 74.54642874
278528 27786498 74.43833815
286720 28869346 74.60436946
294912 32985145 75.18318398
303104 32273430 75.08845124
311296 30081112 74.78293887
319488 28243873 74.5092425
327680 28124192 74.49080054
335872 28338291 74.52373656
344064 27595715 74.40841651
352256 26945914 74.30492919
360448 27921601 74.45940317
368640 27480742 74.39028455
376832 28662477 74.57313719
385024 28496576 74.54792681
393216 26341414 74.20639084
401408 26678893 74.26167805
409600 27423784 74.3812738
417792 28565948 74.55848641
425984 27789893 74.43886875
434176 28893309 74.60797282
442368 28010190 74.47316055
450560 28065321 74.48170014
458752 28031741 74.47650072
466944 28398026 74.53288152
475136 28400009 74.53318478
# mini -591
# minq -566
# maxi 555
# maxq 529